5413
7140
5727
13520
8077
11080
9997
12451
9007
5142
7144
9580
9136
6488
7622
14057
14029
7011
11944
9108
10388
11552
12777
7227
14036
13292
5070
10469
12398
11248
8221
14692
10694
12688
10597
7112
5162
14904
8828
6661
14445
7033
11011
6827
12937
5811
13010
14383
12467
6727
7288
8431
7953
12414
10751
9329
13684
12218
8387
13766
13195
12960
13275
7535
12275
11120
10604
7252
5710
12855
11792
6093
8967
6171
11476
10612
8684
9743
6735
13688
11947
10705
11781
6605
6888
10502
14310
8966
7469
14420
9246
13370
8502
10614
8582
14071
5886
8974
8096
5956
7347
10582
10924
6396
10136
10926
6783
10926
7988
8363
12433
12821
11979
10709
6384
12783
13146
8693
7172
11574
12619
5347
13342
10220
9416
10434
12397
10289
10091
7014
8234
7547
11147
14282
6671
9463
7201
8884
13383
12396
10634
13657
10436
10526
8393
14402
14730
6827
7892
12411
6100
7609
8314
12383
9593
10197
12993
5597
7150
7501
12053
5978
10555
5543
11037
7260
8390
12001
5352
6241
5377
9754
14615
7397
5690
9325
14378
9591
8403
11008
14177
5001
11114
14536
13686
5353
11933
14229
6156
13388
14635
7357
12158
12400
5536
13335
9575
8261
9079
5091
6058
13094
10797
13988
13322
13878
8026
11954
11613
9316
6326
10564
9376
9939
12584
11658
12945
6936
12997
10030
5083
14120
9401
10618
13021
9268
9718
10935
14887
14946
12651
14917
13158
8208
7797
12255
14660
8112
12699
6334
6844
9785
8060
12179
7087
8351
6993
6270
13689
10851
14683
14054
5893
7685
8086
10621
14103
13243
10409
10416
9380
13155
8965
5549
14745
5091
9558
8969
10843
5949
10350
12766
9926
13461
9323
7000
6183
11236
7706
12945
9409
6423
8162
9687
12176
6480
6668
7761
11800
7774
7099
7428
7447
11614
5416
11830
8637
14590
9104
10942
5513
10731
11548
12597
5640
11777
10068
5890
12253
10516
9518
13060
10570
6621
6728
5361
9223
7015
5019
9254
7293
14158
6198
12182
8482
13504
11192
12158
8265
7125
7427
10464
10461
9412
11824
8033
12966
5439
14777
12744
11880
5572
6332
12568
8512
10012
5655
11361
5104
11158
13701
9614
10159
7119
7358
7883
14274
14547
6705
9986
8604
11763
7222
14304
8584
